000000hiddentest,0,0,0,1,0,0,0,1,1,0,1
000000platformhiddentest,0,0,0,0,0,0,0,1,0,0,0
000000platformtest1,1,0,0,1,0,0,0,0,0,0,1
00000hazards,0,0,0,1,0,0,0,1,1,1,0
00000rublefttest,0,0,0,0,0,0,0,1,0,0,0
00000rubrighttest,0,0,0,0,0,0,0,1,0,0,0
00000rubtest,0,0,0,0,0,0,0,1,0,0,0
0000downspike,0,0,0,0,0,1,0,0,1,0,0
0000platformtest1,0,0,0,0,0,0,0,1,0,0,0
0000platformtest2,0,0,0,0,0,0,0,1,0,0,0
0000platformtest3,0,0,0,0,0,1,0,1,0,0,0
0000platformtest4,0,0,0,1,0,0,0,0,0,0,0
0000platformtest5,0,0,0,0,1,0,0,0,0,0,0
0000platformtest6,0,0,0,0,0,0,0,0,0,0,0
0000platformtest7,0,0,0,0,0,0,0,0,0,0,0
0000platformtest8,0,0,0,0,0,1,0,0,0,0,0
000breakwarptest,0,1,0,0,1,1,0,0,0,0,1
000platformtest2,1,0,0,0,0,0,0,1,0,0,0
000platformtest3,1,0,0,0,0,0,0,1,0,0,0
000platformtest4,0,0,0,0,0,0,0,1,0,0,0
000platformtest5,0,0,0,0,0,0,0,1,0,0,0
000platformtest6,0,0,0,0,0,0,0,1,0,0,0
000sideplatform,0,0,0,0,0,0,0,1,0,0,0
000sideplatformtest,0,0,0,0,0,0,0,1,0,0,0
000sideplatformtest2,0,0,0,0,0,0,0,1,0,0,0
000switchtester,0,0,0,0,0,0,1,1,0,0,0
000tester,0,1,0,1,0,0,0,0,0,0,0
000tester2,0,1,0,0,0,0,0,0,0,0,0
000throwblock,0,0,0,1,1,1,0,0,0,0,0
000toomanyblocks,0,0,0,0,1,0,0,0,0,0,0
00blocktest,0,0,0,0,1,0,0,0,0,0,0
00blueblockwarp,0,1,0,0,0,1,0,0,0,0,0
00borderwarp,0,1,0,0,0,0,0,0,0,0,0
00castle,0,0,0,1,0,0,0,0,0,0,0
00onice,0,0,1,0,0,0,0,0,0,0,0
00ontoptest,1,0,0,0,0,0,0,0,0,0,0
00platformtest,0,0,0,1,0,0,0,0,0,0,0
00test6,0,0,0,1,0,0,0,0,0,0,0
00test7,0,0,0,1,0,0,0,0,0,0,0
00tester,0,0,0,0,0,0,0,0,0,0,0
00tester12,0,1,0,0,0,0,0,0,0,0,0
00toomanywarps,0,1,0,0,0,0,0,0,0,0,0
00toplevel,0,0,0,0,0,0,0,0,0,0,0
00trap,0,0,0,0,0,0,0,0,0,0,0
00trap2,0,0,0,0,0,0,0,0,0,0,0
0fallplatforms,0,0,0,0,0,0,0,1,0,0,0
0smw,0,0,0,1,1,0,0,0,0,0,0
0test,0,0,0,0,0,0,0,0,0,0,0
0test10,0,0,0,0,0,0,0,0,0,0,0
0test11,0,0,0,0,0,0,0,0,0,0,0
0test15,0,0,0,0,0,0,0,0,0,0,0
0test5,0,0,0,0,0,0,0,0,0,0,0
0test6,0,0,0,1,1,0,0,0,0,0,0
0test9,0,0,0,0,0,0,0,0,0,0,0
0testfour,0,0,0,0,0,0,0,0,0,0,0
0testleft,0,0,0,0,0,0,0,0,0,0,0
0testleft2,0,0,0,0,0,0,0,0,0,0,0
0testright,0,0,0,0,0,0,0,0,0,0,0
0testright2,0,0,0,0,0,0,0,0,0,0,0
0testspike,1,0,0,0,0,0,0,0,0,0,0
0testthis,1,0,0,0,1,0,0,0,0,0,0
0testthree,0,1,0,0,0,0,0,0,0,0,0
0testtwo,0,1,0,0,0,0,0,0,0,0,0
0toptester,0,0,0,0,1,0,0,0,0,0,0
1-3,0,0,0,1,0,0,0,1,0,0,0
1986,1,1,1,1,1,0,0,0,0,0,0
2skyfight,0,0,0,0,1,0,0,0,0,0,0
3blockforts,0,0,0,0,1,0,0,0,0,0,0
4highabove,0,0,0,0,0,0,0,0,0,0,0
5fall,0,0,0,0,0,0,0,0,0,0,0
Above the clouds,0,0,0,0,1,0,0,0,0,0,0
Abovethedomes,0,1,0,1,0,0,0,0,0,0,0
Affe,0,0,0,0,0,0,0,0,0,0,0
Alinos gate,1,0,0,1,0,0,0,0,0,0,0
Allo,0,1,0,1,0,0,0,0,0,0,0
Ambitions of the Abyss,1,0,0,1,0,0,0,1,0,0,0
Aquatic Ruins,0,0,0,1,0,0,0,0,0,0,0
Arcterra gate,1,0,1,1,0,0,0,0,0,0,0
As seen on tv,0,1,0,1,0,0,1,0,0,0,0
Asinine,0,0,0,1,0,0,0,0,0,0,0
Aztec,0,0,0,1,0,0,0,0,0,0,0
Ballistic Boardwalks,0,0,0,1,0,0,0,0,0,0,0
Battle City,0,0,0,1,0,0,0,0,0,0,0
Battle Creek,1,1,0,1,1,0,0,0,0,0,0
Battleblockarea,0,0,0,1,0,0,0,0,0,0,0
Battlefield,0,0,0,1,0,1,1,0,0,0,0
Begging for sumo,1,0,0,1,0,0,0,0,0,0,0
Begging for sumo again,1,0,0,1,0,0,0,0,0,0,0
Bewarehouse,0,1,0,1,0,0,0,1,0,0,0
Big Tree,0,0,0,1,0,0,0,0,0,0,0
Black Hole,1,0,0,1,0,0,1,1,0,0,0
Block Piles,0,0,0,1,0,1,0,0,0,0,0
Block! Block!,0,0,0,1,0,0,0,0,0,0,0
Blockfort,0,0,0,1,0,0,0,0,0,0,0
Blockswar,0,0,0,1,0,0,0,0,0,0,0
Bonus Room,0,1,0,1,0,0,0,1,0,0,0
Bonushouse,0,0,0,0,0,0,0,0,0,0,0
Boo is Back,1,0,0,1,0,0,0,0,0,0,0
Boos Mansion,1,1,0,1,0,0,1,1,0,0,0
Bottle,0,0,0,0,1,0,0,0,0,0,0
Bounce2lava,1,0,0,1,0,0,0,0,0,0,0
Bouncy Spikes,1,0,0,1,0,0,0,0,0,0,0
Bouncy Water,0,0,0,1,0,0,0,1,0,0,0
Bowsers Castle,1,0,0,1,0,0,1,1,0,0,0
Breakaway,0,0,0,1,1,0,0,0,0,0,0
Breaker,0,0,0,1,1,0,0,0,0,0,0
Bring a towel,0,1,0,1,0,0,0,0,0,0,0
Bubble Bobble 2,0,0,0,0,0,0,0,0,0,0,0
Buster_Beetle_s_Tower,0,0,0,1,0,1,1,0,0,0,0
Cactus canyon,1,1,0,1,0,0,0,0,0,0,0
Canyon with Waterfalls,0,1,0,1,0,0,0,0,0,0,0
Castle Wall,0,1,0,1,0,0,1,0,0,0,0
CastleDashle,1,0,0,1,0,0,0,1,0,0,0
Castleout,0,0,0,1,0,0,0,0,0,0,0
Castor wilds,1,0,0,1,1,0,0,0,0,0,0
Cave,1,0,0,1,0,1,0,0,0,0,0
Chainlink,0,0,0,1,0,1,0,0,0,0,0
Chomp beach,0,0,0,1,1,0,0,0,0,0,0
Circuit,0,0,0,1,0,0,0,0,0,0,0
Classicka,0,1,0,1,1,0,0,0,0,0,0
Classicon,0,1,0,1,0,0,0,0,0,0,0
Cliff,0,0,0,1,0,0,0,0,0,0,0
Cliff tower,1,1,0,1,0,1,1,1,0,0,0
Cloud Garden,0,0,1,1,1,0,0,0,0,0,0
Cloud Props,0,0,0,1,0,0,0,0,0,0,0
Coal Mine,1,0,0,1,1,1,1,0,0,0,0
Colorpile,1,0,0,0,0,0,0,0,0,0,0
Coolnights,0,1,0,1,0,0,0,1,0,0,0
Crazy castle,1,0,0,1,1,1,1,1,0,0,0
Crazy dungeon,0,0,1,1,0,1,1,0,0,0,0
Crevice Canyon,0,0,0,1,0,1,0,1,0,0,0
Crystal caverns,0,0,0,1,0,1,1,1,0,0,0
Danger Canyon,0,0,0,0,1,0,0,0,0,0,0
Dare,1,0,0,1,0,0,1,0,0,0,0
Dark forest,0,0,0,1,0,0,0,1,0,0,0
Darkrock,1,1,0,1,0,0,0,0,0,0,0
Death From Above,0,0,0,1,0,0,0,0,0,0,0
Death Island,1,0,0,1,0,0,0,0,0,0,0
Death to iggy,1,0,0,0,0,0,0,0,0,0,0
Derelict,0,1,0,1,0,0,0,0,0,0,0
Desert,0,0,0,1,1,0,0,0,0,0,0
Desert Canyon,0,1,0,0,0,0,1,0,0,0,0
Dirty Pipes,1,1,0,1,1,1,1,0,0,0,0
Divine intervention,0,1,0,0,0,0,0,0,0,0,0
Dkjungle,0,0,0,1,0,0,0,0,0,0,0
Dm,0,0,0,0,0,0,0,0,0,0,0
Donkey Kong,0,0,0,1,0,0,0,0,0,0,0
Dottedplus,0,0,0,1,0,0,1,0,0,0,0
Double Sting,1,1,0,1,0,0,0,1,0,0,0
Double-t,0,0,0,1,1,0,0,0,0,0,0
Doubledown,0,0,0,1,1,0,0,0,0,0,0
Doublevision,1,1,1,1,1,0,0,0,0,0,0
Down With Donuts,0,1,0,1,1,0,0,0,0,0,0
Dropouts,0,0,0,1,0,0,0,1,0,0,0
Dune,0,1,0,1,0,0,0,0,0,0,0
Dungeon,1,0,0,0,0,0,0,1,0,0,0
Dungeon Party,1,1,0,1,1,0,1,0,0,0,0
Eighth Platform,0,1,0,1,1,1,0,0,0,0,0
Elevated,0,1,0,1,1,0,0,0,0,0,0
Evening Fracas,1,1,0,1,0,0,1,0,0,0,0
FK Base,0,0,0,1,0,0,0,0,0,0,0
Fastlane,1,0,0,1,0,0,0,1,0,0,0
Field day,0,0,0,1,1,0,0,0,0,0,0
Fire Temple,1,0,0,1,1,0,1,1,0,0,0
Forced Switch,0,0,0,1,0,0,1,0,0,0,0
Forest Temple,0,0,0,1,0,0,1,0,0,0,0
Fortress,0,1,0,1,1,0,0,0,0,0,0
Fountain of Dreams,0,0,0,1,0,0,1,1,0,0,0
Frozen Frenzy,0,0,1,1,0,0,0,1,0,0,0
Galaxy Split,0,0,0,1,0,0,1,0,0,0,0
Gatekeeper,1,0,0,1,0,0,1,0,0,0,0
Germany,0,0,0,1,0,0,0,0,0,0,0
Ghosthouse,0,0,0,1,0,0,0,0,0,0,0
Ghostly madness,0,0,0,1,0,0,0,0,0,0,0
GoForIt,0,1,0,1,0,1,1,0,0,0,0
Gold,0,0,0,1,1,0,0,0,0,0,0
Greden,0,1,0,0,1,0,0,0,0,0,0
Green Hill Zone,1,0,0,0,0,0,0,0,0,0,0
Green greens,0,0,0,1,0,0,0,0,0,0,0
Greenhill,0,0,0,1,0,0,0,0,0,0,0
Greeny,0,0,0,1,1,0,0,0,0,0,0
Hanging Cactus Gardens,0,0,0,1,0,0,0,0,0,0,0
Hanzou,0,0,0,1,0,0,0,0,0,0,0
Hard to fly,0,0,0,0,0,0,0,0,0,0,0
Haunted Temple,0,0,0,1,0,0,0,0,0,0,0
Heinous Heights,0,0,0,1,1,0,0,0,0,0,0
Hello world,0,0,0,1,1,0,0,0,0,0,0
Hidenseek,0,1,0,1,0,0,0,0,0,0,0
High flying,0,0,0,1,0,0,0,0,0,0,0
Hill,0,0,0,1,0,0,1,0,0,0,0
Hills,0,0,0,0,0,0,0,0,0,0,0
Hoog,0,0,0,1,0,0,0,0,0,0,0
Hot Spot,1,0,1,0,0,0,0,1,0,0,0
Humanitary,0,1,1,1,0,0,0,0,0,0,0
Hyrule Castle,0,0,0,1,0,0,0,0,0,0,0
Ice Cave,0,0,1,1,0,0,0,0,0,0,0
Icecap,0,1,1,1,0,0,0,0,0,0,0
Icecube,1,1,1,0,1,0,0,0,0,0,0
Iceland,1,0,1,0,0,0,0,0,0,0,0
Icy hills,0,0,1,1,0,1,1,1,0,0,0
Indoor,0,1,0,0,0,0,0,0,0,0,0
Inebriation,0,1,1,1,0,0,0,0,0,0,0
Inertia,0,1,1,1,0,0,0,0,0,0,0
Iron,0,0,0,1,0,0,0,0,0,0,0
Islands of Questionable Support,0,0,0,1,0,0,0,0,0,0,0
Jump n Bump,1,0,1,1,0,0,0,0,0,0,0
Jungle,0,0,0,1,0,0,0,0,0,0,0
Jungle Bridge,0,0,0,1,0,0,0,0,0,0,0
Jungle Japes,0,0,0,1,0,0,0,0,0,0,0
King of the Hills,0,0,0,1,0,0,1,1,0,0,0
King_of_the_hill,0,1,0,1,0,0,0,0,0,0,0
Kongo Jungle,0,0,0,1,0,0,0,1,0,0,0
Lake Paradox,0,1,0,1,0,0,0,0,0,0,0
Lava Island,1,0,0,1,0,0,0,0,0,0,0
Lockout,0,1,0,1,1,0,0,0,0,0,0
Log Balancing,1,0,0,1,0,0,0,1,0,0,0
Look_above,0,0,0,1,1,0,0,0,0,0,0
Low bandwidth,0,1,0,0,0,0,0,0,0,0,0
Lunar,1,1,0,1,1,1,1,1,0,0,0
Lunar Jungle,0,0,0,1,1,1,1,0,0,0,0
Manic Mountain,0,0,0,1,0,0,0,0,0,0,0
Manor,1,0,0,1,1,0,0,0,0,0,0
Map in the Sky,0,0,0,1,0,0,0,1,0,0,0
Matmata,0,0,0,1,1,0,0,0,0,0,0
Mbc,1,1,0,1,0,0,0,0,0,0,0
Meadows,0,0,1,1,1,0,0,0,0,0,0
Minigamepipe,0,0,0,0,0,0,0,0,0,0,0
Mishmash,1,1,0,1,0,0,0,0,0,0,0
Mountain King,1,1,0,1,0,0,0,0,0,0,0
Mountain waterfall,1,1,0,1,0,0,0,0,0,0,0
Mountains,0,0,0,1,0,0,0,0,0,0,0
Mushroom Kingdom,1,1,0,1,0,0,0,1,0,0,0
Mushroomkingdom2,0,0,0,1,0,0,0,1,0,0,0
Nightvalley,0,0,0,1,0,0,1,0,0,0,0
Ninja Gaiden 1 - 1-1,0,0,0,1,0,0,0,0,0,0,0
Not so cave,1,0,0,1,0,0,1,1,0,0,0
Olympianflora,0,0,0,1,1,0,0,1,0,0,0
Onett,0,0,0,1,0,0,0,0,0,0,0
Peach Castle,0,0,0,1,0,0,1,1,0,0,0
Peach's Castle,0,0,0,1,1,1,0,1,0,0,0
Pianta village - village,0,0,0,1,0,0,0,0,0,0,0
Piemont,0,1,0,1,0,0,0,0,0,0,0
Pillars of glory,0,0,1,1,0,0,0,0,0,0,0
Pipes at sea,1,0,0,1,1,1,0,1,0,0,0
Pipestruck,0,1,0,1,0,0,0,0,0,0,0
Prepare to Joust Buzzard Bait,1,1,0,0,0,0,0,0,0,0,0
Purification,0,1,1,1,0,1,1,1,0,0,0
Pyramid,0,1,0,1,1,0,0,0,0,0,0
Quarterblock,0,0,0,1,0,0,0,0,0,0,0
Quzza,1,0,0,1,0,0,0,0,0,0,0
Rainbowride,0,1,0,1,0,0,1,1,0,0,0
Rainbowroadredux,0,1,0,1,0,0,0,0,0,0,0
Rat Race,0,1,0,1,0,0,0,0,0,0,0
Reznor pit,1,0,0,0,0,0,0,0,0,0,0
Risk,0,1,0,1,0,0,0,0,0,0,0
Room 824,0,1,1,1,0,1,1,0,0,0,0
Rubber Room,0,0,0,1,0,0,0,0,0,0,0
Salty dog,1,0,0,1,0,1,1,1,0,0,0
Shipwreck,1,0,0,1,0,0,1,1,0,0,0
Sidewinder,0,1,1,1,1,0,0,0,0,0,0
Skull Depot,0,0,0,1,1,0,0,1,0,0,0
Sky,0,0,0,0,0,0,0,0,0,0,0
Sky Garden,0,0,0,1,0,0,0,0,0,0,0
Sky Ruins,0,0,0,1,0,0,1,0,0,0,0
Sky realm,0,0,0,1,1,0,0,0,0,0,0
Skyfortress,0,0,0,1,1,0,0,0,0,0,0
Skyhigh,0,0,0,1,1,0,0,0,0,0,0
Smb2,0,0,0,1,0,0,0,0,0,0,0
Smw,0,0,0,1,0,0,0,0,0,0,0
Snowball fight,0,0,1,0,0,1,0,0,0,0,0
SpaceIceLavaStuff,1,1,1,1,0,1,1,1,0,0,0
Splitting Headache,0,0,0,1,0,0,0,0,0,0,0
Ssb smb2,0,0,0,1,1,0,0,0,0,0,0
Ssbmjunglejapes,0,0,0,1,0,0,0,0,0,0,0
Staircase,0,0,0,0,0,0,0,0,0,0,0
Stairway,0,0,0,1,0,0,0,0,0,0,0
Storage Building,0,0,0,1,0,0,0,0,0,0,0
Subcon,0,0,0,0,0,0,0,0,0,0,0
Subterranean,0,0,0,1,0,0,0,0,0,0,0
Sunny hills,0,1,0,1,1,0,0,0,0,0,0
Sunset hills,0,1,0,1,1,0,0,0,0,0,0
Super Mario Bros 2,0,1,0,0,0,0,1,1,0,0,0
Suspended Craziness,1,0,0,1,0,0,0,0,0,0,0
Switch 'n' Squish,0,0,0,1,0,0,1,1,0,0,0
Symmetrical,0,0,0,0,0,0,0,0,0,0,0
Synchro,0,0,0,0,0,0,0,0,0,0,0
Teal Tunnels,1,1,0,1,1,0,0,0,0,0,0
Tewi Stage,0,0,0,1,0,0,0,1,0,0,0
The 10th,0,0,0,1,1,0,0,0,0,0,0
The Arctic,1,0,1,1,0,1,1,1,0,0,0
The pit,1,0,0,1,0,1,0,0,0,0,0
Thecourtyard,1,1,0,1,0,0,1,0,0,0,0
Timberland,0,0,0,1,1,0,0,0,0,0,0
Toadstools,0,1,0,1,0,0,0,0,0,0,0
Topwar,0,0,0,0,0,0,0,0,0,0,0
Torch,1,0,0,1,0,0,0,0,0,0,0
Toshinden,1,0,0,1,0,0,0,0,0,0,0
Traumatic Plains,1,0,0,1,0,0,0,0,0,0,0
Treefort,0,0,0,1,0,0,0,1,0,0,0
Tresspass,0,0,0,0,1,0,0,0,0,0,0
Tunnel,0,0,0,1,0,0,0,0,0,0,0
Tunnels,0,0,0,0,0,0,0,0,0,0,0
Underwater,0,0,0,1,0,0,1,1,0,0,0
Unfeeling,0,0,0,0,0,0,0,0,0,0,0
Unsightly Dryness,0,0,0,1,0,0,0,0,0,0,0
Up In The Hills,0,0,0,1,0,0,0,1,0,0,0
Valley,0,0,0,1,1,0,0,0,0,0,0
Van katoen,0,0,0,0,0,0,0,0,0,0,0
Vanilla dome,1,0,0,1,0,0,0,0,0,0,0
Vanilla sky,0,0,0,0,1,0,0,0,0,0,0
Volcano,1,0,0,0,0,0,0,1,0,0,0
Wacky Woods,0,0,0,1,0,0,0,0,0,0,0
War2,0,0,0,1,1,0,0,0,0,0,0
Warios Castle,0,0,0,1,0,0,1,0,0,0,0
Warpzone,0,1,0,0,0,0,0,0,0,0,0
What,0,1,0,1,0,0,0,0,0,0,0
White ground,0,0,0,0,0,0,0,0,0,0,0
WhiteSky,0,0,0,0,0,0,0,0,0,0,0
Wildlife,1,0,0,1,0,0,0,0,0,0,0
Wings of sand,0,0,0,1,1,0,0,0,0,0,0
Wirehenge,1,0,0,1,0,0,0,0,0,0,0
Wolkje,0,0,0,0,0,0,0,0,0,0,0
Wonder Winterland,0,1,1,1,0,1,0,0,0,0,0
Wood,0,0,0,1,0,0,0,0,0,0,0
Wood Pit,0,1,0,1,1,0,0,0,0,0,0
World1-2,0,0,0,1,1,0,0,1,0,0,0
Yarg,0,1,0,1,0,0,0,0,0,0,0
Yoshi island,0,0,0,1,0,0,0,0,0,0,0
Yoshisisland,0,0,0,1,1,0,0,0,0,0,0
ZZleveleditor,1,0,1,1,0,0,0,1,1,0,1
Zelda 1 - 1st Quest Level 1,1,1,0,1,0,0,0,0,0,0,0
