#Controller, Iterations, Up, Down, Left, Right, Select, Cancel, Random, Scrollfast
#Controller 0 - 3 == player 1 - 4, 4 == all, 5 == random single
#start menu
0,1,0,1,0,0,0,0,0,0
0,1,0,1,0,0,0,0,0,0
0,1,0,0,0,0,1,0,0,0
0,1,0,0,0,0,0,0,1,0
0,1,0,0,0,0,1,0,0,0
0,1,0,1,0,0,0,0,0,0
0,1,0,0,0,0,1,0,0,0

#Gameplay
0,1,0,0,0,0,1,0,0,0
0,1,0,0,0,0,1,0,0,0
0,1,0,0,0,0,0,0,1,0
0,1,0,0,0,0,1,0,0,0
0,1,0,1,0,0,0,0,0,0
0,1,0,0,0,0,1,0,0,0
0,1,0,0,0,0,0,0,1,0
0,1,0,0,0,0,1,0,0,0
0,1,0,1,0,0,0,0,0,0
0,1,0,0,0,0,1,0,0,0
0,1,0,0,0,0,0,0,1,0
0,1,0,0,0,0,1,0,0,0
0,1,0,1,0,0,0,0,0,0
0,1,0,0,0,0,1,0,0,0
0,1,0,0,0,0,0,0,1,0
0,1,0,0,0,0,1,0,0,0
0,1,0,1,0,0,0,0,0,0
0,1,0,0,0,0,1,0,0,0
0,1,0,0,0,0,0,0,1,0
0,1,0,0,0,0,1,0,0,0
0,1,0,1,0,0,0,0,0,0
0,1,0,1,0,0,0,0,0,0
0,1,0,0,0,0,1,0,0,0
0,1,0,1,0,0,0,0,0,0

#Team
0,1,0,0,0,0,1,0,0,0
0,1,0,0,0,0,1,0,0,0
0,1,0,1,0,0,0,0,0,0
0,1,0,0,0,0,1,0,0,0
0,1,0,1,0,0,0,0,0,0
0,1,0,0,0,0,1,0,0,0
0,1,0,1,0,0,0,0,0,0

#Powerups
0,1,0,0,0,0,1,0,0,0
0,1,0,0,0,0,1,0,0,0
0,1,0,0,0,0,0,0,1,0
0,1,0,0,0,0,1,0,0,0
0,1,0,1,0,0,0,0,0,0
0,1,0,0,0,0,1,0,0,0
0,1,0,0,0,0,0,0,1,0
0,1,0,0,0,0,1,0,0,0
0,1,0,1,0,0,0,0,0,0
0,1,0,0,0,0,1,0,0,0
0,1,0,0,0,0,0,0,1,0
0,1,0,0,0,0,1,0,0,0
0,1,0,1,0,0,0,0,0,0
0,1,0,0,0,0,1,0,0,0
0,1,0,0,0,0,0,0,1,0
0,1,0,0,0,0,1,0,0,0
0,1,0,1,0,0,0,0,0,0
0,1,0,0,0,0,1,0,0,0
0,1,0,0,0,0,0,0,1,0
0,1,0,0,0,0,1,0,0,0
0,1,0,1,0,0,0,0,0,0
0,1,0,0,0,0,1,0,0,0
0,1,0,0,0,0,0,0,1,0
0,1,0,0,0,0,1,0,0,0
0,1,0,1,0,0,0,0,0,0
0,1,0,0,0,0,1,0,0,0
0,1,0,0,0,0,0,0,1,0
0,1,0,0,0,0,1,0,0,0
0,1,0,1,0,0,0,0,0,0
0,1,0,0,0,0,1,0,0,0
0,1,0,0,0,0,0,0,1,0
0,1,0,0,0,0,1,0,0,0
0,1,0,1,0,0,0,0,0,0
0,1,0,0,0,0,1,0,0,0
0,1,0,0,0,0,0,0,1,0
0,1,0,0,0,0,1,0,0,0
0,1,0,1,0,0,0,0,0,0
0,1,0,0,0,0,1,0,0,0
0,1,0,0,0,0,0,0,1,0
0,1,0,0,0,0,1,0,0,0
0,1,0,1,0,0,0,0,0,0
0,1,0,1,0,0,0,0,0,0
0,1,0,0,0,0,1,0,0,0
0,1,0,0,0,0,0,0,1,0
0,1,0,0,0,0,1,0,0,0
0,1,0,1,0,0,0,0,0,0
0,1,0,0,0,0,1,0,0,0
0,1,0,0,0,0,0,0,1,0
0,1,0,0,0,0,1,0,0,0
0,1,0,1,0,0,0,0,0,0
0,1,0,0,0,0,1,0,0,0
0,1,0,0,0,0,0,0,1,0
0,1,0,0,0,0,1,0,0,0
0,1,0,1,0,0,0,0,0,0
0,1,0,0,0,0,1,0,0,0
0,1,0,0,0,0,0,0,1,0
0,1,0,0,0,0,1,0,0,0
0,1,0,1,0,0,0,0,0,0
0,1,0,0,0,0,1,0,0,0
0,1,0,0,0,0,0,0,1,0
0,1,0,0,0,0,1,0,0,0
0,1,0,1,0,0,0,0,0,0
0,1,0,0,0,0,1,0,0,0
0,1,0,0,0,0,0,0,1,0
0,1,0,0,0,0,1,0,0,0
0,1,0,1,0,0,0,0,0,0
0,1,0,0,0,0,1,0,0,0
0,1,0,0,0,0,0,0,1,0
0,1,0,0,0,0,1,0,0,0
0,1,0,1,0,0,0,0,0,0
0,1,0,0,0,0,1,0,0,0
0,1,0,0,0,0,0,0,1,0
0,1,0,0,0,0,1,0,0,0
0,1,0,1,0,0,0,0,0,0
0,1,0,0,0,0,1,0,0,0
0,1,0,0,0,0,0,0,1,0
0,1,0,0,0,0,1,0,0,0
0,1,0,1,0,0,0,0,0,0
0,1,0,0,0,0,1,0,0,0
0,1,0,0,0,0,0,0,1,0
0,1,0,0,0,0,1,0,0,0
0,1,0,1,0,0,0,0,0,0
0,1,0,0,0,0,1,0,0,0
0,1,0,1,0,0,0,0,0,0

#Powerup Settings
0,1,0,0,0,0,1,0,0,0
0,1,0,0,0,0,1,0,0,0
0,1,0,0,0,0,0,0,1,0
0,1,0,0,0,0,1,0,0,0
0,1,0,1,0,0,0,0,0,0
0,1,0,0,0,0,1,0,0,0
0,1,0,0,0,0,0,0,1,0
0,1,0,0,0,0,1,0,0,0
0,1,0,1,0,0,0,0,0,0
0,1,0,0,0,0,1,0,0,0
0,1,0,0,0,0,0,0,1,0
0,1,0,0,0,0,1,0,0,0
0,1,0,1,0,0,0,0,0,0
0,1,0,0,0,0,1,0,0,0
0,1,0,0,0,0,0,0,1,0
0,1,0,0,0,0,1,0,0,0
0,1,0,1,0,0,0,0,0,0
0,1,0,0,0,0,1,0,0,0
0,1,0,1,0,0,0,0,0,0
0,1,0,1,0,0,0,0,0,0
0,1,0,0,0,0,1,0,0,0
0,1,0,1,0,0,0,0,0,0


#Projectiles
0,1,0,0,0,0,1,0,0,0
0,1,0,0,0,0,1,0,0,0
0,1,0,0,0,0,0,0,1,0
0,1,0,0,0,0,1,0,0,0
0,1,0,1,0,0,0,0,0,0
0,1,0,0,0,0,1,0,0,0
0,1,0,0,0,0,0,0,1,0
0,1,0,0,0,0,1,0,0,0
0,1,0,1,0,0,0,0,0,0
0,1,0,0,0,0,1,0,0,0
0,1,0,0,0,0,0,0,1,0
0,1,0,0,0,0,1,0,0,0
0,1,0,1,0,0,0,0,0,0
0,1,0,0,0,0,1,0,0,0
0,1,0,1,0,0,0,0,0,0
0,1,0,0,0,0,1,0,0,0
0,1,0,0,0,0,0,0,1,0
0,1,0,0,0,0,1,0,0,0
0,1,0,1,0,0,0,0,0,0
0,1,0,0,0,0,1,0,0,0
0,1,0,0,0,0,0,0,1,0
0,1,0,0,0,0,1,0,0,0
0,1,0,1,0,0,0,0,0,0
0,1,0,0,0,0,1,0,0,0
0,1,0,1,0,0,0,0,0,0

#Graphics menu
0,1,0,0,0,0,1,0,0,0
0,1,0,0,0,0,1,0,0,0
0,1,0,0,0,0,0,0,1,0
0,1,0,0,0,0,1,0,0,0
0,1,0,1,0,0,0,0,0,0
0,1,0,0,0,0,1,0,0,0
0,1,0,0,0,0,0,0,1,0
0,1,0,0,0,0,1,0,0,0
0,1,0,1,0,0,0,0,0,0
0,1,0,0,0,0,1,0,0,0
0,1,0,0,0,0,0,0,1,0
0,1,0,0,0,0,1,0,0,0
0,1,0,1,0,0,0,0,0,0
0,1,0,0,0,0,1,0,0,0
0,1,0,1,0,0,0,0,0,0
0,1,0,0,0,0,1,0,0,0
0,1,0,1,0,0,0,0,0,0
0,1,0,0,0,0,1,0,0,0
0,1,0,1,0,0,0,0,0,0
0,1,0,1,0,0,0,0,0,0
0,1,0,0,0,0,1,0,0,0
0,1,0,0,0,0,0,0,1,0
0,1,0,0,0,0,1,0,0,0
0,1,0,1,0,0,0,0,0,0
0,1,0,0,0,0,1,0,0,0
0,1,0,1,0,0,0,0,0,0

#Sound
0,1,0,0,0,0,1,0,0,0
0,1,0,0,0,0,1,0,0,0
0,1,0,0,0,0,0,0,1,0
0,1,0,0,0,0,1,0,0,0
0,1,0,1,0,0,0,0,0,0
0,1,0,0,0,0,1,0,0,0
0,1,0,0,0,0,0,0,1,0
0,1,0,0,0,0,1,0,0,0
0,1,0,1,0,0,0,0,0,0
0,1,0,0,0,0,1,0,0,0
0,1,0,1,0,0,0,0,0,0
0,1,0,0,0,0,1,0,0,0
0,1,0,0,0,0,0,0,1,0
0,1,0,0,0,0,1,0,0,0
0,1,0,1,0,0,0,0,0,0
0,1,0,0,0,0,1,0,0,0
0,1,0,0,0,0,0,0,1,0
0,1,0,0,0,0,1,0,0,0
0,1,0,1,0,0,0,0,0,0
0,1,0,0,0,0,1,0,0,0
0,1,0,0,0,0,0,0,1,0
0,1,0,0,0,0,1,0,0,0
0,1,0,1,0,0,0,0,0,0
0,1,0,0,0,0,1,0,0,0
0,1,0,1,0,0,0,0,0,0
0,1,0,0,0,0,1,0,0,0

#To Start
0,1,0,1,0,0,0,0,0,0
0,1,0,1,0,0,0,0,0,0
0,1,0,1,0,0,0,0,0,0
0,1,0,0,0,0,1,0,0,0

#Team and Skin Selection
4,50,1,1,1,1,0,0,0,0
0,1,0,0,0,0,1,0,0,0

